/*­·­·­·­·­·­·­·­·­·­·­·­·­·­·­·­·­·­·­·­·­·­·­·­·­·­·­·­·­·­·­·­·­·­·­*/
/*­·­·­·­·­·­·­·­·­·­·­·­·­·­·­·­·­·­·­·­·­·­·­·­·­·­·­·­·­·­·­·­·­·­·­*/
USHORT DBs[3394]= 
/* -100 db*/  {  0,    0,    0,    0,    0,    0,    0,    0,    0,    0,    0,    0,    0,    0,    0,    0,    0,    0,    0,    0,    0,    0,    0,    0,    0,    0,    0,    0,    0,    0,    0,    0,
/* -99 db */     0,    0,    0,    0,    0,    0,    0,    0,    0,    0,    0,    0,    0,    0,    0,    0,    0,    0,    0,    0,    0,    0,    0,    0,    0,    0,    0,    0,    0,    0,    0,    0,
/* -98 db */     0,    0,    0,    0,    0,    0,    0,    0,    0,    0,    0,    0,    0,    0,    0,    0,    0,    0,    0,    0,    0,    0,    0,    0,    0,    0,    0,    0,    0,    0,    0,    0,
/* -97 db */     0,    0,    0,    0,    0,    0,    0,    0,    0,    0,    0,    0,    0,    0,    0,    0,    0,    0,    0,    0,    0,    0,    1,    1,    1,    1,    1,    1,    1,    1,    1,    1,
/* -96 db */     1,    1,    1,    1,    1,    1,    1,    1,    1,    1,    1,    1,    1,    1,    1,    1,    1,    1,    1,    1,    1,    1,    1,    1,    1,    1,    1,    1,    1,    1,    1,    1,
/* -95 db */     1,    1,    1,    1,    1,    1,    1,    1,    1,    1,    1,    1,    1,    1,    1,    1,    1,    1,    1,    1,    1,    1,    1,    1,    1,    1,    1,    1,    1,    1,    1,    1,
/* -94 db */     1,    1,    1,    1,    1,    1,    1,    1,    1,    1,    1,    1,    1,    1,    1,    1,    1,    1,    1,    1,    1,    1,    1,    1,    1,    1,    1,    1,    1,    1,    1,    1,
/* -93 db */     1,    1,    1,    1,    1,    1,    1,    1,    1,    1,    1,    1,    1,    1,    1,    1,    1,    1,    1,    1,    1,    1,    1,    1,    1,    1,    1,    1,    1,    1,    1,    1,
/* -92 db */     1,    1,    1,    1,    1,    1,    1,    1,    1,    1,    1,    1,    1,    1,    1,    1,    1,    1,    1,    1,    1,    1,    1,    1,    1,    1,    1,    1,    1,    1,    1,    1,
/* -91 db */     1,    1,    1,    1,    1,    1,    1,    1,    1,    1,    1,    1,    1,    1,    1,    1,    1,    1,    1,    1,    1,    1,    1,    1,    1,    1,    1,    1,    1,    1,    1,    1,
/* -90 db */     1,    1,    1,    1,    1,    1,    1,    1,    1,    1,    1,    1,    1,    1,    1,    1,    1,    1,    1,    1,    1,    1,    1,    1,    1,    1,    1,    1,    1,    1,    1,    1,
/* -89 db */     1,    1,    1,    1,    1,    1,    1,    1,    1,    1,    1,    1,    1,    1,    1,    1,    1,    1,    1,    1,    1,    1,    1,    1,    1,    1,    1,    1,    1,    1,    1,    1,
/* -88 db */     1,    1,    1,    1,    1,    1,    1,    1,    1,    1,    1,    1,    1,    1,    1,    1,    1,    1,    1,    1,    1,    1,    1,    1,    1,    1,    1,    1,    1,    1,    1,    1,
/* -87 db */     1,    1,    1,    1,    1,    1,    1,    2,    2,    2,    2,    2,    2,    2,    2,    2,    2,    2,    2,    2,    2,    2,    2,    2,    2,    2,    2,    2,    2,    2,    2,    2,
/* -86 db */     2,    2,    2,    2,    2,    2,    2,    2,    2,    2,    2,    2,    2,    2,    2,    2,    2,    2,    2,    2,    2,    2,    2,    2,    2,    2,    2,    2,    2,    2,    2,    2,
/* -85 db */     2,    2,    2,    2,    2,    2,    2,    2,    2,    2,    2,    2,    2,    2,    2,    2,    2,    2,    2,    2,    2,    2,    2,    2,    2,    2,    2,    2,    2,    2,    2,    2,
/* -84 db */     2,    2,    2,    2,    2,    2,    2,    2,    2,    2,    2,    2,    2,    2,    2,    2,    2,    2,    2,    2,    2,    2,    2,    2,    2,    2,    2,    2,    2,    2,    2,    2,
/* -83 db */     2,    2,    2,    2,    2,    2,    2,    2,    2,    2,    2,    2,    2,    2,    2,    2,    2,    2,    2,    2,    2,    3,    3,    3,    3,    3,    3,    3,    3,    3,    3,    3,
/* -82 db */     3,    3,    3,    3,    3,    3,    3,    3,    3,    3,    3,    3,    3,    3,    3,    3,    3,    3,    3,    3,    3,    3,    3,    3,    3,    3,    3,    3,    3,    3,    3,    3,
/* -81 db */     3,    3,    3,    3,    3,    3,    3,    3,    3,    3,    3,    3,    3,    3,    3,    3,    3,    3,    3,    3,    3,    3,    3,    3,    3,    3,    3,    3,    3,    3,    3,    3,
/* -80 db */     3,    3,    3,    3,    3,    3,    3,    3,    3,    3,    3,    3,    3,    3,    3,    3,    3,    3,    3,    4,    4,    4,    4,    4,    4,    4,    4,    4,    4,    4,    4,    4,
/* -79 db */     4,    4,    4,    4,    4,    4,    4,    4,    4,    4,    4,    4,    4,    4,    4,    4,    4,    4,    4,    4,    4,    4,    4,    4,    4,    4,    4,    4,    4,    4,    4,    4,
/* -78 db */     4,    4,    4,    4,    4,    4,    4,    4,    4,    4,    4,    4,    4,    4,    4,    4,    4,    4,    4,    4,    4,    4,    4,    4,    4,    5,    5,    5,    5,    5,    5,    5,
/* -77 db */     5,    5,    5,    5,    5,    5,    5,    5,    5,    5,    5,    5,    5,    5,    5,    5,    5,    5,    5,    5,    5,    5,    5,    5,    5,    5,    5,    5,    5,    5,    5,    5,
/* -76 db */     5,    5,    5,    5,    5,    5,    5,    5,    5,    5,    5,    5,    5,    5,    5,    5,    6,    6,    6,    6,    6,    6,    6,    6,    6,    6,    6,    6,    6,    6,    6,    6,
/* -75 db */     6,    6,    6,    6,    6,    6,    6,    6,    6,    6,    6,    6,    6,    6,    6,    6,    6,    6,    6,    6,    6,    6,    6,    6,    6,    6,    6,    6,    6,    6,    6,    7,
/* -74 db */     7,    7,    7,    7,    7,    7,    7,    7,    7,    7,    7,    7,    7,    7,    7,    7,    7,    7,    7,    7,    7,    7,    7,    7,    7,    7,    7,    7,    7,    7,    7,    7,
/* -73 db */     7,    7,    7,    7,    7,    7,    7,    8,    8,    8,    8,    8,    8,    8,    8,    8,    8,    8,    8,    8,    8,    8,    8,    8,    8,    8,    8,    8,    8,    8,    8,    8,
/* -72 db */     8,    8,    8,    8,    8,    8,    8,    8,    8,    9,    9,    9,    9,    9,    9,    9,    9,    9,    9,    9,    9,    9,    9,    9,    9,    9,    9,    9,    9,    9,    9,    9,
/* -71 db */     9,    9,    9,    9,    9,    9,    9,    9,   10,   10,   10,   10,   10,   10,   10,   10,   10,   10,   10,   10,   10,   10,   10,   10,   10,   10,   10,   10,   10,   10,   10,   10,
/* -70 db */    10,   10,   10,   10,   11,   11,   11,   11,   11,   11,   11,   11,   11,   11,   11,   11,   11,   11,   11,   11,   11,   11,   11,   11,   11,   11,   11,   11,   11,   12,   12,   12,
/* -69 db */    12,   12,   12,   12,   12,   12,   12,   12,   12,   12,   12,   12,   12,   12,   12,   12,   12,   12,   12,   12,   12,   13,   13,   13,   13,   13,   13,   13,   13,   13,   13,   13,
/* -68 db */    13,   13,   13,   13,   13,   13,   13,   13,   13,   13,   14,   14,   14,   14,   14,   14,   14,   14,   14,   14,   14,   14,   14,   14,   14,   14,   14,   14,   14,   14,   15,   15,
/* -67 db */    15,   15,   15,   15,   15,   15,   15,   15,   15,   15,   15,   15,   15,   15,   15,   15,   16,   16,   16,   16,   16,   16,   16,   16,   16,   16,   16,   16,   16,   16,   16,   16,
/* -66 db */    16,   16,   17,   17,   17,   17,   17,   17,   17,   17,   17,   17,   17,   17,   17,   17,   17,   17,   18,   18,   18,   18,   18,   18,   18,   18,   18,   18,   18,   18,   18,   18,
/* -65 db */    18,   18,   19,   19,   19,   19,   19,   19,   19,   19,   19,   19,   19,   19,   19,   19,   20,   20,   20,   20,   20,   20,   20,   20,   20,   20,   20,   20,   20,   20,   21,   21,
/* -64 db */    21,   21,   21,   21,   21,   21,   21,   21,   21,   21,   21,   22,   22,   22,   22,   22,   22,   22,   22,   22,   22,   22,   22,   22,   23,   23,   23,   23,   23,   23,   23,   23,
/* -63 db */    23,   23,   23,   23,   24,   24,   24,   24,   24,   24,   24,   24,   24,   24,   24,   24,   25,   25,   25,   25,   25,   25,   25,   25,   25,   25,   25,   26,   26,   26,   26,   26,
/* -62 db */    26,   26,   26,   26,   26,   27,   27,   27,   27,   27,   27,   27,   27,   27,   27,   27,   28,   28,   28,   28,   28,   28,   28,   28,   28,   28,   29,   29,   29,   29,   29,   29,
/* -61 db */    29,   29,   29,   30,   30,   30,   30,   30,   30,   30,   30,   30,   30,   31,   31,   31,   31,   31,   31,   31,   31,   31,   32,   32,   32,   32,   32,   32,   32,   32,   33,   33,
/* -60 db */    33,   33,   33,   33,   33,   33,   33,   34,   34,   34,   34,   34,   34,   34,   34,   35,   35,   35,   35,   35,   35,   35,   35,   36,   36,   36,   36,   36,   36,   36,   37,   37,
/* -59 db */    37,   37,   37,   37,   37,   37,   38,   38,   38,   38,   38,   38,   38,   39,   39,   39,   39,   39,   39,   39,   40,   40,   40,   40,   40,   40,   40,   41,   41,   41,   41,   41,
/* -58 db */    41,   41,   42,   42,   42,   42,   42,   42,   42,   43,   43,   43,   43,   43,   43,   44,   44,   44,   44,   44,   44,   44,   45,   45,   45,   45,   45,   45,   46,   46,   46,   46,
/* -57 db */    46,   46,   47,   47,   47,   47,   47,   47,   48,   48,   48,   48,   48,   49,   49,   49,   49,   49,   49,   50,   50,   50,   50,   50,   50,   51,   51,   51,   51,   51,   52,   52,
/* -56 db */    52,   52,   52,   52,   53,   53,   53,   53,   53,   54,   54,   54,   54,   54,   55,   55,   55,   55,   55,   56,   56,   56,   56,   56,   57,   57,   57,   57,   57,   58,   58,   58,
/* -55 db */    58,   58,   59,   59,   59,   59,   60,   60,   60,   60,   60,   61,   61,   61,   61,   62,   62,   62,   62,   62,   63,   63,   63,   63,   64,   64,   64,   64,   64,   65,   65,   65,
/* -54 db */    65,   66,   66,   66,   66,   67,   67,   67,   67,   68,   68,   68,   68,   69,   69,   69,   69,   70,   70,   70,   70,   71,   71,   71,   71,   72,   72,   72,   72,   73,   73,   73,
/* -53 db */    73,   74,   74,   74,   74,   75,   75,   75,   76,   76,   76,   76,   77,   77,   77,   77,   78,   78,   78,   79,   79,   79,   79,   80,   80,   80,   81,   81,   81,   81,   82,   82,
/* -52 db */    82,   83,   83,   83,   84,   84,   84,   84,   85,   85,   85,   86,   86,   86,   87,   87,   87,   88,   88,   88,   88,   89,   89,   89,   90,   90,   90,   91,   91,   91,   92,   92,
/* -51 db */    92,   93,   93,   93,   94,   94,   94,   95,   95,   95,   96,   96,   96,   97,   97,   97,   98,   98,   99,   99,   99,  100,  100,  100,  101,  101,  101,  102,  102,  103,  103,  103,
/* -50 db */   104,  104,  104,  105,  105,  106,  106,  106,  107,  107,  107,  108,  108,  109,  109,  109,  110,  110,  111,  111,  111,  112,  112,  113,  113,  113,  114,  114,  115,  115,  115,  116,
/* -49 db */   116,  117,  117,  118,  118,  118,  119,  119,  120,  120,  121,  121,  121,  122,  122,  123,  123,  124,  124,  124,  125,  125,  126,  126,  127,  127,  128,  128,  129,  129,  130,  130,
/* -48 db */   130,  131,  131,  132,  132,  133,  133,  134,  134,  135,  135,  136,  136,  137,  137,  138,  138,  139,  139,  140,  140,  141,  141,  142,  142,  143,  143,  144,  144,  145,  145,  146,
/* -47 db */   146,  147,  147,  148,  148,  149,  150,  150,  151,  151,  152,  152,  153,  153,  154,  154,  155,  156,  156,  157,  157,  158,  158,  159,  160,  160,  161,  161,  162,  162,  163,  164,
/* -46 db */   164,  165,  165,  166,  167,  167,  168,  168,  169,  170,  170,  171,  171,  172,  173,  173,  174,  175,  175,  176,  176,  177,  178,  178,  179,  180,  180,  181,  182,  182,  183,  184,
/* -45 db */   184,  185,  186,  186,  187,  188,  188,  189,  190,  190,  191,  192,  192,  193,  194,  194,  195,  196,  197,  197,  198,  199,  199,  200,  201,  202,  202,  203,  204,  205,  205,  206,
/* -44 db */   207,  207,  208,  209,  210,  211,  211,  212,  213,  214,  214,  215,  216,  217,  217,  218,  219,  220,  221,  221,  222,  223,  224,  225,  225,  226,  227,  228,  229,  229,  230,  231,
/* -43 db */   232,  233,  234,  234,  235,  236,  237,  238,  239,  240,  240,  241,  242,  243,  244,  245,  246,  247,  247,  248,  249,  250,  251,  252,  253,  254,  255,  256,  257,  257,  258,  259,
/* -42 db */   260,  261,  262,  263,  264,  265,  266,  267,  268,  269,  270,  271,  272,  273,  274,  275,  276,  277,  278,  279,  280,  281,  282,  283,  284,  285,  286,  287,  288,  289,  290,  291,
/* -41 db */   292,  293,  294,  295,  296,  297,  298,  299,  301,  302,  303,  304,  305,  306,  307,  308,  309,  310,  312,  313,  314,  315,  316,  317,  318,  320,  321,  322,  323,  324,  325,  327,
/* -40 db */   328,  329,  330,  331,  332,  334,  335,  336,  337,  338,  340,  341,  342,  343,  345,  346,  347,  348,  350,  351,  352,  353,  355,  356,  357,  359,  360,  361,  362,  364,  365,  366,
/* -39 db */   368,  369,  370,  372,  373,  374,  376,  377,  378,  380,  381,  383,  384,  385,  387,  388,  389,  391,  392,  394,  395,  397,  398,  399,  401,  402,  404,  405,  407,  408,  410,  411,
/* -38 db */   413,  414,  416,  417,  419,  420,  422,  423,  425,  426,  428,  429,  431,  432,  434,  435,  437,  439,  440,  442,  443,  445,  447,  448,  450,  451,  453,  455,  456,  458,  460,  461,
/* -37 db */   463,  465,  466,  468,  470,  471,  473,  475,  476,  478,  480,  482,  483,  485,  487,  489,  490,  492,  494,  496,  497,  499,  501,  503,  505,  506,  508,  510,  512,  514,  516,  517,
/* -36 db */   519,  521,  523,  525,  527,  529,  531,  533,  535,  536,  538,  540,  542,  544,  546,  548,  550,  552,  554,  556,  558,  560,  562,  564,  566,  568,  570,  572,  574,  576,  579,  581,
/* -35 db */   583,  585,  587,  589,  591,  593,  595,  598,  600,  602,  604,  606,  608,  611,  613,  615,  617,  619,  622,  624,  626,  628,  631,  633,  635,  638,  640,  642,  644,  647,  649,  651,
/* -34 db */   654,  656,  659,  661,  663,  666,  668,  670,  673,  675,  678,  680,  683,  685,  688,  690,  693,  695,  698,  700,  703,  705,  708,  710,  713,  715,  718,  721,  723,  726,  728,  731,
/* -33 db */   734,  736,  739,  742,  744,  747,  750,  752,  755,  758,  760,  763,  766,  769,  771,  774,  777,  780,  783,  785,  788,  791,  794,  797,  800,  803,  806,  808,  811,  814,  817,  820,
/* -32 db */   823,  826,  829,  832,  835,  838,  841,  844,  847,  850,  853,  856,  859,  863,  866,  869,  872,  875,  878,  881,  885,  888,  891,  894,  897,  901,  904,  907,  910,  914,  917,  920,
/* -31 db */   924,  927,  930,  934,  937,  940,  944,  947,  950,  954,  957,  961,  964,  968,  971,  975,  978,  982,  985,  989,  992,  996, 1000, 1003, 1007, 1010, 1014, 1018, 1021, 1025, 1029, 1032,
/* -30 db */  1036, 1040, 1044, 1047, 1051, 1055, 1059, 1063, 1066, 1070, 1074, 1078, 1082, 1086, 1090, 1094, 1098, 1102, 1106, 1110, 1114, 1118, 1122, 1126, 1130, 1134, 1138, 1142, 1146, 1150, 1154, 1158,
/* -29 db */  1163, 1167, 1171, 1175, 1180, 1184, 1188, 1192, 1197, 1201, 1205, 1210, 1214, 1218, 1223, 1227, 1232, 1236, 1240, 1245, 1249, 1254, 1258, 1263, 1268, 1272, 1277, 1281, 1286, 1291, 1295, 1300,
/* -28 db */  1305, 1309, 1314, 1319, 1323, 1328, 1333, 1338, 1343, 1347, 1352, 1357, 1362, 1367, 1372, 1377, 1382, 1387, 1392, 1397, 1402, 1407, 1412, 1417, 1422, 1427, 1432, 1438, 1443, 1448, 1453, 1458,
/* -27 db */  1464, 1469, 1474, 1480, 1485, 1490, 1496, 1501, 1506, 1512, 1517, 1523, 1528, 1534, 1539, 1545, 1550, 1556, 1562, 1567, 1573, 1579, 1584, 1590, 1596, 1601, 1607, 1613, 1619, 1625, 1631, 1636,
/* -26 db */  1642, 1648, 1654, 1660, 1666, 1672, 1678, 1684, 1690, 1696, 1702, 1709, 1715, 1721, 1727, 1733, 1740, 1746, 1752, 1758, 1765, 1771, 1778, 1784, 1790, 1797, 1803, 1810, 1816, 1823, 1829, 1836,
/* -25 db */  1843, 1849, 1856, 1863, 1869, 1876, 1883, 1890, 1896, 1903, 1910, 1917, 1924, 1931, 1938, 1945, 1952, 1959, 1966, 1973, 1980, 1987, 1994, 2002, 2009, 2016, 2023, 2031, 2038, 2045, 2053, 2060,
/* -24 db */  2068, 2075, 2082, 2090, 2097, 2105, 2113, 2120, 2128, 2136, 2143, 2151, 2159, 2167, 2174, 2182, 2190, 2198, 2206, 2214, 2222, 2230, 2238, 2246, 2254, 2262, 2270, 2278, 2287, 2295, 2303, 2311,
/* -23 db */  2320, 2328, 2337, 2345, 2353, 2362, 2370, 2379, 2388, 2396, 2405, 2413, 2422, 2431, 2440, 2448, 2457, 2466, 2475, 2484, 2493, 2502, 2511, 2520, 2529, 2538, 2547, 2556, 2566, 2575, 2584, 2594,
/* -22 db */  2603, 2612, 2622, 2631, 2641, 2650, 2660, 2669, 2679, 2689, 2698, 2708, 2718, 2727, 2737, 2747, 2757, 2767, 2777, 2787, 2797, 2807, 2817, 2827, 2838, 2848, 2858, 2868, 2879, 2889, 2900, 2910,
/* -21 db */  2920, 2931, 2942, 2952, 2963, 2973, 2984, 2995, 3006, 3017, 3027, 3038, 3049, 3060, 3071, 3082, 3093, 3105, 3116, 3127, 3138, 3150, 3161, 3172, 3184, 3195, 3207, 3218, 3230, 3242, 3253, 3265,
/* -20 db */  3277, 3289, 3300, 3312, 3324, 3336, 3348, 3360, 3372, 3385, 3397, 3409, 3421, 3434, 3446, 3458, 3471, 3483, 3496, 3509, 3521, 3534, 3547, 3559, 3572, 3585, 3598, 3611, 3624, 3637, 3650, 3663,
/* -19 db */  3677, 3690, 3703, 3717, 3730, 3743, 3757, 3770, 3784, 3798, 3811, 3825, 3839, 3853, 3867, 3880, 3894, 3909, 3923, 3937, 3951, 3965, 3979, 3994, 4008, 4023, 4037, 4052, 4066, 4081, 4096, 4110,
/* -18 db */  4125, 4140, 4155, 4170, 4185, 4200, 4215, 4230, 4246, 4261, 4276, 4292, 4307, 4323, 4338, 4354, 4370, 4385, 4401, 4417, 4433, 4449, 4465, 4481, 4497, 4513, 4530, 4546, 4562, 4579, 4595, 4612,
/* -17 db */  4629, 4645, 4662, 4679, 4696, 4713, 4730, 4747, 4764, 4781, 4798, 4815, 4833, 4850, 4868, 4885, 4903, 4921, 4938, 4956, 4974, 4992, 5010, 5028, 5046, 5064, 5082, 5101, 5119, 5138, 5156, 5175,
/* -16 db */  5193, 5212, 5231, 5250, 5269, 5288, 5307, 5326, 5345, 5364, 5384, 5403, 5423, 5442, 5462, 5481, 5501, 5521, 5541, 5561, 5581, 5601, 5621, 5641, 5662, 5682, 5703, 5723, 5744, 5765, 5785, 5806,
/* -15 db */  5827, 5848, 5869, 5890, 5912, 5933, 5954, 5976, 5997, 6019, 6041, 6062, 6084, 6106, 6128, 6150, 6172, 6195, 6217, 6239, 6262, 6284, 6307, 6330, 6353, 6375, 6398, 6422, 6445, 6468, 6491, 6515,
/* -14 db */  6538, 6562, 6585, 6609, 6633, 6657, 6681, 6705, 6729, 6753, 6778, 6802, 6827, 6851, 6876, 6901, 6925, 6950, 6975, 7001, 7026, 7051, 7077, 7102, 7128, 7153, 7179, 7205, 7231, 7257, 7283, 7309,
/* -13 db */  7336, 7362, 7389, 7415, 7442, 7469, 7496, 7523, 7550, 7577, 7605, 7632, 7659, 7687, 7715, 7743, 7771, 7799, 7827, 7855, 7883, 7912, 7940, 7969, 7997, 8026, 8055, 8084, 8113, 8143, 8172, 8201,
/* -12 db */  8231, 8261, 8290, 8320, 8350, 8380, 8411, 8441, 8471, 8502, 8532, 8563, 8594, 8625, 8656, 8687, 8719, 8750, 8782, 8813, 8845, 8877, 8909, 8941, 8973, 9006, 9038, 9071, 9103, 9136, 9169, 9202,
/* -11 db */  9235, 9269, 9302, 9335, 9369, 9403, 9437, 9471, 9505, 9539, 9574, 9608, 9643, 9677, 9712, 9747, 9783, 9818, 9853, 9889, 9924, 9960, 9996,10032,10068,10104,10141,10177,10214,10251,10288,10325,
/* -10 db */ 10362,10399,10437,10475,10512,10550,10588,10626,10665,10703,10742,10780,10819,10858,10897,10937,10976,11016,11055,11095,11135,11175,11216,11256,11297,11337,11378,11419,11460,11502,11543,11585,
/*  -9 db */ 11627,11668,11710,11753,11795,11838,11880,11923,11966,12009,12052,12096,12139,12183,12227,12271,12315,12360,12404,12449,12494,12539,12584,12630,12675,12721,12767,12813,12859,12905,12952,12998,
/*  -8 db */ 13045,13092,13139,13187,13234,13282,13330,13378,13426,13474,13523,13572,13621,13670,13719,13769,13818,13868,13918,13968,14018,14069,14120,14171,14222,14273,14324,14376,14428,14480,14532,14584,
/*  -7 db */ 14637,14690,14743,14796,14849,14903,14956,15010,15064,15119,15173,15228,15283,15338,15393,15449,15504,15560,15616,15672,15729,15786,15843,15900,15957,16014,16072,16130,16188,16247,16305,16364,
/*  -6 db */ 16423,16482,16542,16601,16661,16721,16781,16842,16902,16963,17025,17086,17147,17209,17271,17334,17396,17459,17522,17585,17648,17712,17776,17840,17904,17969,18033,18098,18164,18229,18295,18361,
/*  -5 db */ 18427,18493,18560,18627,18694,18761,18829,18897,18965,19033,19102,19171,19240,19309,19379,19449,19519,19589,19660,19730,19802,19873,19945,20016,20089,20161,20234,20307,20380,20453,20527,20601,
/*  -4 db */ 20675,20750,20825,20900,20975,21051,21126,21203,21279,21356,21433,21510,21587,21665,21743,21822,21900,21979,22058,22138,22218,22298,22378,22459,22540,22621,22703,22784,22867,22949,23032,23115,
/*  -3 db */ 23198,23282,23365,23450,23534,23619,23704,23790,23875,23961,24048,24134,24221,24309,24396,24484,24573,24661,24750,24839,24929,25019,25109,25199,25290,25381,25473,25565,25657,25749,25842,25935,
/*  -2 db */ 26029,26122,26217,26311,26406,26501,26597,26692,26789,26885,26982,27079,27177,27275,27373,27472,27571,27670,27770,27870,27970,28071,28172,28274,28376,28478,28581,28684,28787,28891,28995,29100,
/*  -1 db */ 29205,29310,29415,29521,29628,29735,29842,29949,30057,30166,30274,30383,30493,30603,30713,30824,30935,31046,31158,31271,31383,31497,31610,31724,31838,31953,32068,32184,32300,32416,32533,32650,
/*   0 db */ 32768,32886,33005,33124,33243,33363,33483,33604,33725,33846,33968,34091,34214,34337,34461,34585,34710,34835,34960,35086,35213,35340,35467,35595,35723,35852,35981,36111,36241,36372,36503,36634,
/*   1 db */ 36766,36899,37032,37165,37299,37434,37569,37704,37840,37976,38113,38251,38388,38527,38666,38805,38945,39085,39226,39367,39509,39652,39795,39938,40082,40227,40372,40517,40663,40810,40957,41104,
/*   2 db */ 41252,41401,41550,41700,41850,42001,42153,42305,42457,42610,42764,42918,43072,43228,43384,43540,43697,43854,44012,44171,44330,44490,44650,44811,44973,45135,45298,45461,45625,45789,45954,46120,
/*   3 db */ 46286,46453,46620,46788,46957,47126,47296,47467,47638,47809,47982,48155,48328,48502,48677,48853,49029,49205,49383,49561,49739,49919,50099,50279,50460,50642,50825,51008,51192,51376,51561,51747,
/*   4 db */ 51934,52121,52309,52497,52687,52876,53067,53258,53450,53643,53836,54030,54225,54420,54617,54813,55011,55209,55408,55608,55808,56010,56211,56414,56617,56821,57026,57232,57438,57645,57853,58061,
/*   5 db */ 58271,58481,58691,58903,59115,59328,59542,59757,59972,60188,60405,60623,60842,61061,61281,61502,61723,61946,62169,62393,62618,62844,63070,63298,63526,63755,63985,64215,64447,64679,64912,65146,
/*   6 db */ 65381,65535};
/*­·­·­·­·­·­·­·­·­·­·­·­·­·­·­·­·­·­·­·­·­·­·­·­·­·­·­·­·­·­·­·­·­·­·­*/
/*­·­·­·­·­·­·­·­·­·­·­·­·­·­·­·­·­·­·­·­·­·­·­·­·­·­·­·­·­·­·­·­·­·­·­*/
